%%% AE4_Ex1.pdf %%% 
%%% AE4_bound_Ex1.pdf %%% 

w = 

 0 5 0 0
 3 0 4 0
 0 0 0 3
 0 0 0 0

%%% AE4_Ex2.pdf %%% 
%%% AE4_bound_Ex2.pdf %%% 
%%% AE4_combined_Ex2.pdf %%% 

w = 

 0 0 0 4
 1 0 0 0
 0 2 0 0
 0 0 3 0

%%% AE4_Ex3.pdf %%% 
%%% AE4_bound_Ex3.pdf %%% 

w = 

 0 1 0 0
 0 0 2 0
 0 0 0 3
 4 0 0 0

%%% AE4_Ex4.pdf %%% 
%%% AE4_bound_Ex4.pdf %%% 

w = 

  0 4  1 14
 15 0 10 18
  6 3  0 19
  6 4 14  0

%%% AE4_Ex5.pdf %%% 
%%% AE4_bound_Ex5.pdf %%% 

w = 

 0 4  8  6
 0 0 13  0
 0 8  0 17
 0 4  5  0

%%% AE4_Ex6.pdf %%% 
%%% AE4_bound_Ex6.pdf %%% 

w = 

 0 20 2  18
 9 0  19 19
 5 7  0  10
 5 2  2  0

%%% AE4_Ex7.pdf %%% 
%%% AE4_bound_Ex7.pdf %%% 

w = 

 0  6 18  0
 2  0 13 18
 13 4 0  14
 6 16 1   0

%%% AE4_Ex8.pdf %%% 
%%% AE4_bound_Ex8.pdf %%% 

w = 

 0  12 20  3
 10  0 14 16
  0 15  0 18
  7 10  0  0

%%% sbt_Ex9_side.pdf
%%% sbt_Ex9_down.pdf

g12 = 2
g13 = 5
g14 = 10
g21 = 6
g23 = 9
g24 = 1
g31 = 8
g32 = 9
g34 = 2
g41 = 7
g42 = 10
g43 = 5
nu11 = 0
nu12 = 8
nu13 = -1
nu14 = 9

%%% sbt_Ex10_side.pdf
%%% sbt_Ex10_down.pdf

g12 = 2
g13 = 1
g14 = 5
g21 = 6
g23 = 9
g24 = 8
g31 = 7
g32 = 6
g34 = 6
g41 = 4
g42 = 7
g43 = 1
nu11 = 10
nu12 = 2
nu13 = -8 
nu14 = -5

%%% sbt_Ex11_side.pdf
%%% sbt_Ex11_down.pdf

uno = 400

g12 = 3
g13 = 1
g14 = 2
g21 = 10
g23 = 5
g24 = 10
g31 = 4
g32 = 0
g34 = 8
g41 = 5
g42 = 2
g43 = 10
nu11 = 8
nu12 = 4
nu13 = 9
nu14 = -5

%%% sbt_Ex12_side.pdf
%%% sbt_Ex12_down.pdf

uno = 400

g12 = 4
g13 = 6
g14 = 5
g21 = 8
g23 = 17
g24 = 2
g31 = 10
g32 = 19
g34 = 10
g41 = 12
g42 = 2
g43 = 9
nu11 = 2
nu12 = 9
nu13 = -8
nu14 = 5