a1 = 101.05
a2 = 79.2427
a3 = 0.707339
b1 = 0.812656
b2 = 6.27202
b3 = -0.0374371

Rotation matrix: 
  -0.9801  -0.1922  -0.0494
  -0.1913   0.9813  -0.0227
  -0.0528   0.0128   0.9985

